Example1
-3 -2 -2 !
3 -2 3 -2
10 -8 ! 1
-4 -3 -6 !

Example2
-3 ! -2 -2
-3 -2 ! 3
! 10 -8 !
-4 -6 ! -5

Example3
2 -10 ! 5 0
1 9 ! -5 3
1 3 1 1 2
2 -2 1 3 -4
11 10 ! 2 1

Example4
! -2 3 5
3 -2 -2 2
2 ! 5 -4
-5 -3 -3 4

Example5
3 2 2 2
2 ! -2 5
1 -5 ! 3
! 1 2 1

Example6
! 3 -2 3
-1 -5 6 !
-4 5 3 -2
3 -3 4 2

Example7
-3 -2 5 !
3 -3 ! 5
2 3 4 6
! 1 1 1

Example8
0 0 0 0
0 ! 0 0
0 0 0 0
0 0 0 0

Example9
5 ! 5 !
! 10 ! 10
5 ! 5 !
! 5 10 5

Example10
-1 -2 -3 -4
-1 -2 -3 -4
-1 -2 -3 -4
-1 -2 -3 -4
